r;50;;;;;;
x0;10;;;;;;
;;;;;;;
;;;;;;;
;;;;;;;
x/y;-30;-20;-10;0;10;20;30
-30;-200.00;34.64;38.73;40.00;38.73;34.64;26.46
-20;34.64;41.23;44.72;45.83;44.72;41.23;34.64
-10;38.73;44.72;47.96;48.99;47.96;44.72;38.73
0;40.00;45.83;48.99;50.00;48.99;45.83;40.00
10;38.73;44.72;47.96;48.99;47.96;44.72;38.73
20;34.64;41.23;44.72;45.83;44.72;41.23;34.64
30;26.46;34.64;38.73;40.00;38.73;34.64;26.46
